[(0, 7, 13, [[20, 20, 24], [24, 20, 20], [20, 24, 20]]), (0, 5, 9, [[8, 4, 0, 4], [4, 8, 4, 0], [0, 4, 8, 4], [4, 0, 4, 8]]), (0, 11, 21, [[208, 196, 196, 208, 216], [216, 208, 196, 196, 208], [208, 216, 208, 196, 196], [196, 208, 216, 208, 196], [196, 196, 208, 216, 208]]), (0, 7, 13, [[10, 10, 12, 10, 10, 12], [12, 10, 10, 12, 10, 10], [10, 12, 10, 10, 12, 10], [10, 10, 12, 10, 10, 12], [12, 10, 10, 12, 10, 10], [10, 12, 10, 10, 12, 10]]), (0, 43, 85, [[292339584, 292339584, 292353728, 292372032, 292380416, 292372032, 292353728], [292353728, 292339584, 292339584, 292353728, 292372032, 292380416, 292372032], [292372032, 292353728, 292339584, 292339584, 292353728, 292372032, 292380416], [292380416, 292372032, 292353728, 292339584, 292339584, 292353728, 292372032], [292372032, 292380416, 292372032, 292353728, 292339584, 292339584, 292353728], [292353728, 292372032, 292380416, 292372032, 292353728, 292339584, 292339584], [292339584, 292353728, 292372032, 292380416, 292372032, 292353728, 292339584]]), (8, 9, 17, [[64, 32, 16, 32, 32, 32, 16, 32], [32, 64, 32, 16, 32, 32, 32, 16], [16, 32, 64, 32, 16, 32, 32, 32], [32, 16, 32, 64, 32, 16, 32, 32], [32, 32, 16, 32, 64, 32, 16, 32], [32, 32, 32, 16, 32, 64, 32, 16], [16, 32, 32, 32, 16, 32, 64, 32], [32, 16, 32, 32, 32, 16, 32, 64]]), (0, 19, 37, [[29120, 29120, 29120, 29120, 29120, 29120, 29184, 29120, 29120], [29120, 29120, 29120, 29120, 29120, 29120, 29120, 29184, 29120], [29120, 29120, 29120, 29120, 29120, 29120, 29120, 29120, 29184], [29184, 29120, 29120, 29120, 29120, 29120, 29120, 29120, 29120], [29120, 29184, 29120, 29120, 29120, 29120, 29120, 29120, 29120], [29120, 29120, 29184, 29120, 29120, 29120, 29120, 29120, 29120], [29120, 29120, 29120, 29184, 29120, 29120, 29120, 29120, 29120], [29120, 29120, 29120, 29120, 29184, 29120, 29120, 29120, 29120], [29120, 29120, 29120, 29120, 29120, 29184, 29120, 29120, 29120]]), (0, 11, 21, [[104, 98, 98, 104, 108, 104, 98, 98, 104, 108], [108, 104, 98, 98, 104, 108, 104, 98, 98, 104], [104, 108, 104, 98, 98, 104, 108, 104, 98, 98], [98, 104, 108, 104, 98, 98, 104, 108, 104, 98], [98, 98, 104, 108, 104, 98, 98, 104, 108, 104], [104, 98, 98, 104, 108, 104, 98, 98, 104, 108], [108, 104, 98, 98, 104, 108, 104, 98, 98, 104], [104, 108, 104, 98, 98, 104, 108, 104, 98, 98], [98, 104, 108, 104, 98, 98, 104, 108, 104, 98], [98, 98, 104, 108, 104, 98, 98, 104, 108, 104]]), (0, 111, 221, [[748888576, 748888576, 768908800, 807626240, 857064960, 900043264, 917241344, 900043264, 857064960, 807626240, 768908800], [768908800, 748888576, 748888576, 768908800, 807626240, 857064960, 900043264, 917241344, 900043264, 857064960, 807626240], [807626240, 768908800, 748888576, 748888576, 768908800, 807626240, 857064960, 900043264, 917241344, 900043264, 857064960], [857064960, 807626240, 768908800, 748888576, 748888576, 768908800, 807626240, 857064960, 900043264, 917241344, 900043264], [900043264, 857064960, 807626240, 768908800, 748888576, 748888576, 768908800, 807626240, 857064960, 900043264, 917241344], [917241344, 900043264, 857064960, 807626240, 768908800, 748888576, 748888576, 768908800, 807626240, 857064960, 900043264], [900043264, 917241344, 900043264, 857064960, 807626240, 768908800, 748888576, 748888576, 768908800, 807626240, 857064960], [857064960, 900043264, 917241344, 900043264, 857064960, 807626240, 768908800, 748888576, 748888576, 768908800, 807626240], [807626240, 857064960, 900043264, 917241344, 900043264, 857064960, 807626240, 768908800, 748888576, 748888576, 768908800], [768908800, 807626240, 857064960, 900043264, 917241344, 900043264, 857064960, 807626240, 768908800, 748888576, 748888576], [748888576, 768908800, 807626240, 857064960, 900043264, 917241344, 900043264, 857064960, 807626240, 768908800, 748888576]]), (0, 13, 25, [[424, 344, 256, 340, 432, 340, 256, 344, 424, 340, 256, 340], [340, 424, 344, 256, 340, 432, 340, 256, 344, 424, 340, 256], [256, 340, 424, 344, 256, 340, 432, 340, 256, 344, 424, 340], [340, 256, 340, 424, 344, 256, 340, 432, 340, 256, 344, 424], [424, 340, 256, 340, 424, 344, 256, 340, 432, 340, 256, 344], [344, 424, 340, 256, 340, 424, 344, 256, 340, 432, 340, 256], [256, 344, 424, 340, 256, 340, 424, 344, 256, 340, 432, 340], [340, 256, 344, 424, 340, 256, 340, 424, 344, 256, 340, 432], [432, 340, 256, 344, 424, 340, 256, 340, 424, 344, 256, 340], [340, 432, 340, 256, 344, 424, 340, 256, 340, 424, 344, 256], [256, 340, 432, 340, 256, 344, 424, 340, 256, 340, 424, 344], [344, 256, 340, 432, 340, 256, 344, 424, 340, 256, 340, 424]]), (0, 157, 313, [[135110144, 135110144, 221333504, 27369472, 166587392, 455161344, 714463232, 55733760, 714463232, 455161344, 166587392, 27369472, 221333504], [221333504, 135110144, 135110144, 221333504, 27369472, 166587392, 455161344, 714463232, 55733760, 714463232, 455161344, 166587392, 27369472], [27369472, 221333504, 135110144, 135110144, 221333504, 27369472, 166587392, 455161344, 714463232, 55733760, 714463232, 455161344, 166587392], [166587392, 27369472, 221333504, 135110144, 135110144, 221333504, 27369472, 166587392, 455161344, 714463232, 55733760, 714463232, 455161344], [455161344, 166587392, 27369472, 221333504, 135110144, 135110144, 221333504, 27369472, 166587392, 455161344, 714463232, 55733760, 714463232], [714463232, 455161344, 166587392, 27369472, 221333504, 135110144, 135110144, 221333504, 27369472, 166587392, 455161344, 714463232, 55733760], [55733760, 714463232, 455161344, 166587392, 27369472, 221333504, 135110144, 135110144, 221333504, 27369472, 166587392, 455161344, 714463232], [714463232, 55733760, 714463232, 455161344, 166587392, 27369472, 221333504, 135110144, 135110144, 221333504, 27369472, 166587392, 455161344], [455161344, 714463232, 55733760, 714463232, 455161344, 166587392, 27369472, 221333504, 135110144, 135110144, 221333504, 27369472, 166587392], [166587392, 455161344, 714463232, 55733760, 714463232, 455161344, 166587392, 27369472, 221333504, 135110144, 135110144, 221333504, 27369472], [27369472, 166587392, 455161344, 714463232, 55733760, 714463232, 455161344, 166587392, 27369472, 221333504, 135110144, 135110144, 221333504], [221333504, 27369472, 166587392, 455161344, 714463232, 55733760, 714463232, 455161344, 166587392, 27369472, 221333504, 135110144, 135110144], [135110144, 221333504, 27369472, 166587392, 455161344, 714463232, 55733760, 714463232, 455161344, 166587392, 27369472, 221333504, 135110144]]), (0, 43, 85, [[146169792, 146169792, 146176864, 146186016, 146190208, 146186016, 146176864, 146169792, 146169792, 146176864, 146186016, 146190208, 146186016, 146176864], [146176864, 146169792, 146169792, 146176864, 146186016, 146190208, 146186016, 146176864, 146169792, 146169792, 146176864, 146186016, 146190208, 146186016], [146186016, 146176864, 146169792, 146169792, 146176864, 146186016, 146190208, 146186016, 146176864, 146169792, 146169792, 146176864, 146186016, 146190208], [146190208, 146186016, 146176864, 146169792, 146169792, 146176864, 146186016, 146190208, 146186016, 146176864, 146169792, 146169792, 146176864, 146186016], [146186016, 146190208, 146186016, 146176864, 146169792, 146169792, 146176864, 146186016, 146190208, 146186016, 146176864, 146169792, 146169792, 146176864], [146176864, 146186016, 146190208, 146186016, 146176864, 146169792, 146169792, 146176864, 146186016, 146190208, 146186016, 146176864, 146169792, 146169792], [146169792, 146176864, 146186016, 146190208, 146186016, 146176864, 146169792, 146169792, 146176864, 146186016, 146190208, 146186016, 146176864, 146169792], [146169792, 146169792, 146176864, 146186016, 146190208, 146186016, 146176864, 146169792, 146169792, 146176864, 146186016, 146190208, 146186016, 146176864], [146176864, 146169792, 146169792, 146176864, 146186016, 146190208, 146186016, 146176864, 146169792, 146169792, 146176864, 146186016, 146190208, 146186016], [146186016, 146176864, 146169792, 146169792, 146176864, 146186016, 146190208, 146186016, 146176864, 146169792, 146169792, 146176864, 146186016, 146190208], [146190208, 146186016, 146176864, 146169792, 146169792, 146176864, 146186016, 146190208, 146186016, 146176864, 146169792, 146169792, 146176864, 146186016], [146186016, 146190208, 146186016, 146176864, 146169792, 146169792, 146176864, 146186016, 146190208, 146186016, 146176864, 146169792, 146169792, 146176864], [146176864, 146186016, 146190208, 146186016, 146176864, 146169792, 146169792, 146176864, 146186016, 146190208, 146186016, 146176864, 146169792, 146169792], [146169792, 146176864, 146186016, 146190208, 146186016, 146176864, 146169792, 146169792, 146176864, 146186016, 146190208, 146186016, 146176864, 146169792]]), (0, 61, 121, [[657884992, 594576880, 594786272, 657884112, 697010384, 658093808, 594576432, 594576432, 658093808, 697010384, 657884112, 594786272, 594576880, 657884992, 697221216], [697221216, 657884992, 594576880, 594786272, 657884112, 697010384, 658093808, 594576432, 594576432, 658093808, 697010384, 657884112, 594786272, 594576880, 657884992], [657884992, 697221216, 657884992, 594576880, 594786272, 657884112, 697010384, 658093808, 594576432, 594576432, 658093808, 697010384, 657884112, 594786272, 594576880], [594576880, 657884992, 697221216, 657884992, 594576880, 594786272, 657884112, 697010384, 658093808, 594576432, 594576432, 658093808, 697010384, 657884112, 594786272], [594786272, 594576880, 657884992, 697221216, 657884992, 594576880, 594786272, 657884112, 697010384, 658093808, 594576432, 594576432, 658093808, 697010384, 657884112], [657884112, 594786272, 594576880, 657884992, 697221216, 657884992, 594576880, 594786272, 657884112, 697010384, 658093808, 594576432, 594576432, 658093808, 697010384], [697010384, 657884112, 594786272, 594576880, 657884992, 697221216, 657884992, 594576880, 594786272, 657884112, 697010384, 658093808, 594576432, 594576432, 658093808], [658093808, 697010384, 657884112, 594786272, 594576880, 657884992, 697221216, 657884992, 594576880, 594786272, 657884112, 697010384, 658093808, 594576432, 594576432], [594576432, 658093808, 697010384, 657884112, 594786272, 594576880, 657884992, 697221216, 657884992, 594576880, 594786272, 657884112, 697010384, 658093808, 594576432], [594576432, 594576432, 658093808, 697010384, 657884112, 594786272, 594576880, 657884992, 697221216, 657884992, 594576880, 594786272, 657884112, 697010384, 658093808], [658093808, 594576432, 594576432, 658093808, 697010384, 657884112, 594786272, 594576880, 657884992, 697221216, 657884992, 594576880, 594786272, 657884112, 697010384], [697010384, 658093808, 594576432, 594576432, 658093808, 697010384, 657884112, 594786272, 594576880, 657884992, 697221216, 657884992, 594576880, 594786272, 657884112], [657884112, 697010384, 658093808, 594576432, 594576432, 658093808, 697010384, 657884112, 594786272, 594576880, 657884992, 697221216, 657884992, 594576880, 594786272], [594786272, 657884112, 697010384, 658093808, 594576432, 594576432, 658093808, 697010384, 657884112, 594786272, 594576880, 657884992, 697221216, 657884992, 594576880], [594576880, 594786272, 657884112, 697010384, 658093808, 594576432, 594576432, 658093808, 697010384, 657884112, 594786272, 594576880, 657884992, 697221216, 657884992]]), (16, 17, 33, [[5120, 4096, 3584, 4096, 4352, 4096, 3584, 4096, 4608, 4096, 3584, 4096, 4352, 4096, 3584, 4096], [4096, 5120, 4096, 3584, 4096, 4352, 4096, 3584, 4096, 4608, 4096, 3584, 4096, 4352, 4096, 3584], [3584, 4096, 5120, 4096, 3584, 4096, 4352, 4096, 3584, 4096, 4608, 4096, 3584, 4096, 4352, 4096], [4096, 3584, 4096, 5120, 4096, 3584, 4096, 4352, 4096, 3584, 4096, 4608, 4096, 3584, 4096, 4352], [4352, 4096, 3584, 4096, 5120, 4096, 3584, 4096, 4352, 4096, 3584, 4096, 4608, 4096, 3584, 4096], [4096, 4352, 4096, 3584, 4096, 5120, 4096, 3584, 4096, 4352, 4096, 3584, 4096, 4608, 4096, 3584], [3584, 4096, 4352, 4096, 3584, 4096, 5120, 4096, 3584, 4096, 4352, 4096, 3584, 4096, 4608, 4096], [4096, 3584, 4096, 4352, 4096, 3584, 4096, 5120, 4096, 3584, 4096, 4352, 4096, 3584, 4096, 4608], [4608, 4096, 3584, 4096, 4352, 4096, 3584, 4096, 5120, 4096, 3584, 4096, 4352, 4096, 3584, 4096], [4096, 4608, 4096, 3584, 4096, 4352, 4096, 3584, 4096, 5120, 4096, 3584, 4096, 4352, 4096, 3584], [3584, 4096, 4608, 4096, 3584, 4096, 4352, 4096, 3584, 4096, 5120, 4096, 3584, 4096, 4352, 4096], [4096, 3584, 4096, 4608, 4096, 3584, 4096, 4352, 4096, 3584, 4096, 5120, 4096, 3584, 4096, 4352], [4352, 4096, 3584, 4096, 4608, 4096, 3584, 4096, 4352, 4096, 3584, 4096, 5120, 4096, 3584, 4096], [4096, 4352, 4096, 3584, 4096, 4608, 4096, 3584, 4096, 4352, 4096, 3584, 4096, 5120, 4096, 3584], [3584, 4096, 4352, 4096, 3584, 4096, 4608, 4096, 3584, 4096, 4352, 4096, 3584, 4096, 5120, 4096], [4096, 3584, 4096, 4352, 4096, 3584, 4096, 4608, 4096, 3584, 4096, 4352, 4096, 3584, 4096, 5120]]), (0, 273, 545, [[977971712, 977971712, 596019200, 974006784, 920120320, 635436032, 700273664, 42089984, 974360576, 442289152, 974360576, 42089984, 700273664, 635436032, 920120320, 974006784, 596019200], [596019200, 977971712, 977971712, 596019200, 974006784, 920120320, 635436032, 700273664, 42089984, 974360576, 442289152, 974360576, 42089984, 700273664, 635436032, 920120320, 974006784], [974006784, 596019200, 977971712, 977971712, 596019200, 974006784, 920120320, 635436032, 700273664, 42089984, 974360576, 442289152, 974360576, 42089984, 700273664, 635436032, 920120320], [920120320, 974006784, 596019200, 977971712, 977971712, 596019200, 974006784, 920120320, 635436032, 700273664, 42089984, 974360576, 442289152, 974360576, 42089984, 700273664, 635436032], [635436032, 920120320, 974006784, 596019200, 977971712, 977971712, 596019200, 974006784, 920120320, 635436032, 700273664, 42089984, 974360576, 442289152, 974360576, 42089984, 700273664], [700273664, 635436032, 920120320, 974006784, 596019200, 977971712, 977971712, 596019200, 974006784, 920120320, 635436032, 700273664, 42089984, 974360576, 442289152, 974360576, 42089984], [42089984, 700273664, 635436032, 920120320, 974006784, 596019200, 977971712, 977971712, 596019200, 974006784, 920120320, 635436032, 700273664, 42089984, 974360576, 442289152, 974360576], [974360576, 42089984, 700273664, 635436032, 920120320, 974006784, 596019200, 977971712, 977971712, 596019200, 974006784, 920120320, 635436032, 700273664, 42089984, 974360576, 442289152], [442289152, 974360576, 42089984, 700273664, 635436032, 920120320, 974006784, 596019200, 977971712, 977971712, 596019200, 974006784, 920120320, 635436032, 700273664, 42089984, 974360576], [974360576, 442289152, 974360576, 42089984, 700273664, 635436032, 920120320, 974006784, 596019200, 977971712, 977971712, 596019200, 974006784, 920120320, 635436032, 700273664, 42089984], [42089984, 974360576, 442289152, 974360576, 42089984, 700273664, 635436032, 920120320, 974006784, 596019200, 977971712, 977971712, 596019200, 974006784, 920120320, 635436032, 700273664], [700273664, 42089984, 974360576, 442289152, 974360576, 42089984, 700273664, 635436032, 920120320, 974006784, 596019200, 977971712, 977971712, 596019200, 974006784, 920120320, 635436032], [635436032, 700273664, 42089984, 974360576, 442289152, 974360576, 42089984, 700273664, 635436032, 920120320, 974006784, 596019200, 977971712, 977971712, 596019200, 974006784, 920120320], [920120320, 635436032, 700273664, 42089984, 974360576, 442289152, 974360576, 42089984, 700273664, 635436032, 920120320, 974006784, 596019200, 977971712, 977971712, 596019200, 974006784], [974006784, 920120320, 635436032, 700273664, 42089984, 974360576, 442289152, 974360576, 42089984, 700273664, 635436032, 920120320, 974006784, 596019200, 977971712, 977971712, 596019200], [596019200, 974006784, 920120320, 635436032, 700273664, 42089984, 974360576, 442289152, 974360576, 42089984, 700273664, 635436032, 920120320, 974006784, 596019200, 977971712, 977971712], [977971712, 596019200, 974006784, 920120320, 635436032, 700273664, 42089984, 974360576, 442289152, 974360576, 42089984, 700273664, 635436032, 920120320, 974006784, 596019200, 977971712]]), (0, 19, 37, [[14560, 14560, 14560, 14560, 14560, 14560, 14592, 14560, 14560, 14560, 14560, 14560, 14560, 14560, 14560, 14592, 14560, 14560], [14560, 14560, 14560, 14560, 14560, 14560, 14560, 14592, 14560, 14560, 14560, 14560, 14560, 14560, 14560, 14560, 14592, 14560], [14560, 14560, 14560, 14560, 14560, 14560, 14560, 14560, 14592, 14560, 14560, 14560, 14560, 14560, 14560, 14560, 14560, 14592], [14592, 14560, 14560, 14560, 14560, 14560, 14560, 14560, 14560, 14592, 14560, 14560, 14560, 14560, 14560, 14560, 14560, 14560], [14560, 14592, 14560, 14560, 14560, 14560, 14560, 14560, 14560, 14560, 14592, 14560, 14560, 14560, 14560, 14560, 14560, 14560], [14560, 14560, 14592, 14560, 14560, 14560, 14560, 14560, 14560, 14560, 14560, 14592, 14560, 14560, 14560, 14560, 14560, 14560], [14560, 14560, 14560, 14592, 14560, 14560, 14560, 14560, 14560, 14560, 14560, 14560, 14592, 14560, 14560, 14560, 14560, 14560], [14560, 14560, 14560, 14560, 14592, 14560, 14560, 14560, 14560, 14560, 14560, 14560, 14560, 14592, 14560, 14560, 14560, 14560], [14560, 14560, 14560, 14560, 14560, 14592, 14560, 14560, 14560, 14560, 14560, 14560, 14560, 14560, 14592, 14560, 14560, 14560], [14560, 14560, 14560, 14560, 14560, 14560, 14592, 14560, 14560, 14560, 14560, 14560, 14560, 14560, 14560, 14592, 14560, 14560], [14560, 14560, 14560, 14560, 14560, 14560, 14560, 14592, 14560, 14560, 14560, 14560, 14560, 14560, 14560, 14560, 14592, 14560], [14560, 14560, 14560, 14560, 14560, 14560, 14560, 14560, 14592, 14560, 14560, 14560, 14560, 14560, 14560, 14560, 14560, 14592], [14592, 14560, 14560, 14560, 14560, 14560, 14560, 14560, 14560, 14592, 14560, 14560, 14560, 14560, 14560, 14560, 14560, 14560], [14560, 14592, 14560, 14560, 14560, 14560, 14560, 14560, 14560, 14560, 14592, 14560, 14560, 14560, 14560, 14560, 14560, 14560], [14560, 14560, 14592, 14560, 14560, 14560, 14560, 14560, 14560, 14560, 14560, 14592, 14560, 14560, 14560, 14560, 14560, 14560], [14560, 14560, 14560, 14592, 14560, 14560, 14560, 14560, 14560, 14560, 14560, 14560, 14592, 14560, 14560, 14560, 14560, 14560], [14560, 14560, 14560, 14560, 14592, 14560, 14560, 14560, 14560, 14560, 14560, 14560, 14560, 14592, 14560, 14560, 14560, 14560], [14560, 14560, 14560, 14560, 14560, 14592, 14560, 14560, 14560, 14560, 14560, 14560, 14560, 14560, 14592, 14560, 14560, 14560]]), (0, 343, 685, [[419728384, 419728384, 468578304, 309211648, 94268416, 301637120, 572137472, 170502144, 97842176, 193054720, 174542336, 193054720, 97842176, 170502144, 572137472, 301637120, 94268416, 309211648, 468578304], [468578304, 419728384, 419728384, 468578304, 309211648, 94268416, 301637120, 572137472, 170502144, 97842176, 193054720, 174542336, 193054720, 97842176, 170502144, 572137472, 301637120, 94268416, 309211648], [309211648, 468578304, 419728384, 419728384, 468578304, 309211648, 94268416, 301637120, 572137472, 170502144, 97842176, 193054720, 174542336, 193054720, 97842176, 170502144, 572137472, 301637120, 94268416], [94268416, 309211648, 468578304, 419728384, 419728384, 468578304, 309211648, 94268416, 301637120, 572137472, 170502144, 97842176, 193054720, 174542336, 193054720, 97842176, 170502144, 572137472, 301637120], [301637120, 94268416, 309211648, 468578304, 419728384, 419728384, 468578304, 309211648, 94268416, 301637120, 572137472, 170502144, 97842176, 193054720, 174542336, 193054720, 97842176, 170502144, 572137472], [572137472, 301637120, 94268416, 309211648, 468578304, 419728384, 419728384, 468578304, 309211648, 94268416, 301637120, 572137472, 170502144, 97842176, 193054720, 174542336, 193054720, 97842176, 170502144], [170502144, 572137472, 301637120, 94268416, 309211648, 468578304, 419728384, 419728384, 468578304, 309211648, 94268416, 301637120, 572137472, 170502144, 97842176, 193054720, 174542336, 193054720, 97842176], [97842176, 170502144, 572137472, 301637120, 94268416, 309211648, 468578304, 419728384, 419728384, 468578304, 309211648, 94268416, 301637120, 572137472, 170502144, 97842176, 193054720, 174542336, 193054720], [193054720, 97842176, 170502144, 572137472, 301637120, 94268416, 309211648, 468578304, 419728384, 419728384, 468578304, 309211648, 94268416, 301637120, 572137472, 170502144, 97842176, 193054720, 174542336], [174542336, 193054720, 97842176, 170502144, 572137472, 301637120, 94268416, 309211648, 468578304, 419728384, 419728384, 468578304, 309211648, 94268416, 301637120, 572137472, 170502144, 97842176, 193054720], [193054720, 174542336, 193054720, 97842176, 170502144, 572137472, 301637120, 94268416, 309211648, 468578304, 419728384, 419728384, 468578304, 309211648, 94268416, 301637120, 572137472, 170502144, 97842176], [97842176, 193054720, 174542336, 193054720, 97842176, 170502144, 572137472, 301637120, 94268416, 309211648, 468578304, 419728384, 419728384, 468578304, 309211648, 94268416, 301637120, 572137472, 170502144], [170502144, 97842176, 193054720, 174542336, 193054720, 97842176, 170502144, 572137472, 301637120, 94268416, 309211648, 468578304, 419728384, 419728384, 468578304, 309211648, 94268416, 301637120, 572137472], [572137472, 170502144, 97842176, 193054720, 174542336, 193054720, 97842176, 170502144, 572137472, 301637120, 94268416, 309211648, 468578304, 419728384, 419728384, 468578304, 309211648, 94268416, 301637120], [301637120, 572137472, 170502144, 97842176, 193054720, 174542336, 193054720, 97842176, 170502144, 572137472, 301637120, 94268416, 309211648, 468578304, 419728384, 419728384, 468578304, 309211648, 94268416], [94268416, 301637120, 572137472, 170502144, 97842176, 193054720, 174542336, 193054720, 97842176, 170502144, 572137472, 301637120, 94268416, 309211648, 468578304, 419728384, 419728384, 468578304, 309211648], [309211648, 94268416, 301637120, 572137472, 170502144, 97842176, 193054720, 174542336, 193054720, 97842176, 170502144, 572137472, 301637120, 94268416, 309211648, 468578304, 419728384, 419728384, 468578304], [468578304, 309211648, 94268416, 301637120, 572137472, 170502144, 97842176, 193054720, 174542336, 193054720, 97842176, 170502144, 572137472, 301637120, 94268416, 309211648, 468578304, 419728384, 419728384], [419728384, 468578304, 309211648, 94268416, 301637120, 572137472, 170502144, 97842176, 193054720, 174542336, 193054720, 97842176, 170502144, 572137472, 301637120, 94268416, 309211648, 468578304, 419728384]]), (0, 21, 41, [[55584, 52368, 49152, 52504, 55752, 52368, 49152, 52452, 55856, 52452, 49152, 52368, 55752, 52504, 49152, 52368, 55584, 52452, 49152, 52452], [52452, 55584, 52368, 49152, 52504, 55752, 52368, 49152, 52452, 55856, 52452, 49152, 52368, 55752, 52504, 49152, 52368, 55584, 52452, 49152], [49152, 52452, 55584, 52368, 49152, 52504, 55752, 52368, 49152, 52452, 55856, 52452, 49152, 52368, 55752, 52504, 49152, 52368, 55584, 52452], [52452, 49152, 52452, 55584, 52368, 49152, 52504, 55752, 52368, 49152, 52452, 55856, 52452, 49152, 52368, 55752, 52504, 49152, 52368, 55584], [55584, 52452, 49152, 52452, 55584, 52368, 49152, 52504, 55752, 52368, 49152, 52452, 55856, 52452, 49152, 52368, 55752, 52504, 49152, 52368], [52368, 55584, 52452, 49152, 52452, 55584, 52368, 49152, 52504, 55752, 52368, 49152, 52452, 55856, 52452, 49152, 52368, 55752, 52504, 49152], [49152, 52368, 55584, 52452, 49152, 52452, 55584, 52368, 49152, 52504, 55752, 52368, 49152, 52452, 55856, 52452, 49152, 52368, 55752, 52504], [52504, 49152, 52368, 55584, 52452, 49152, 52452, 55584, 52368, 49152, 52504, 55752, 52368, 49152, 52452, 55856, 52452, 49152, 52368, 55752], [55752, 52504, 49152, 52368, 55584, 52452, 49152, 52452, 55584, 52368, 49152, 52504, 55752, 52368, 49152, 52452, 55856, 52452, 49152, 52368], [52368, 55752, 52504, 49152, 52368, 55584, 52452, 49152, 52452, 55584, 52368, 49152, 52504, 55752, 52368, 49152, 52452, 55856, 52452, 49152], [49152, 52368, 55752, 52504, 49152, 52368, 55584, 52452, 49152, 52452, 55584, 52368, 49152, 52504, 55752, 52368, 49152, 52452, 55856, 52452], [52452, 49152, 52368, 55752, 52504, 49152, 52368, 55584, 52452, 49152, 52452, 55584, 52368, 49152, 52504, 55752, 52368, 49152, 52452, 55856], [55856, 52452, 49152, 52368, 55752, 52504, 49152, 52368, 55584, 52452, 49152, 52452, 55584, 52368, 49152, 52504, 55752, 52368, 49152, 52452], [52452, 55856, 52452, 49152, 52368, 55752, 52504, 49152, 52368, 55584, 52452, 49152, 52452, 55584, 52368, 49152, 52504, 55752, 52368, 49152], [49152, 52452, 55856, 52452, 49152, 52368, 55752, 52504, 49152, 52368, 55584, 52452, 49152, 52452, 55584, 52368, 49152, 52504, 55752, 52368], [52368, 49152, 52452, 55856, 52452, 49152, 52368, 55752, 52504, 49152, 52368, 55584, 52452, 49152, 52452, 55584, 52368, 49152, 52504, 55752], [55752, 52368, 49152, 52452, 55856, 52452, 49152, 52368, 55752, 52504, 49152, 52368, 55584, 52452, 49152, 52452, 55584, 52368, 49152, 52504], [52504, 55752, 52368, 49152, 52452, 55856, 52452, 49152, 52368, 55752, 52504, 49152, 52368, 55584, 52452, 49152, 52452, 55584, 52368, 49152], [49152, 52504, 55752, 52368, 49152, 52452, 55856, 52452, 49152, 52368, 55752, 52504, 49152, 52368, 55584, 52452, 49152, 52452, 55584, 52368], [52368, 49152, 52504, 55752, 52368, 49152, 52452, 55856, 52452, 49152, 52368, 55752, 52504, 49152, 52368, 55584, 52452, 49152, 52452, 55584]]), (0, 43, 85, [[430970660, 430970660, 430731228, 430555180, 430673640, 430938292, 431008820, 430797700, 430571224, 430613680, 430878560, 431033136, 430878560, 430613680, 430571224, 430797700, 431008820, 430938292, 430673640, 430555180, 430731228], [430731228, 430970660, 430970660, 430731228, 430555180, 430673640, 430938292, 431008820, 430797700, 430571224, 430613680, 430878560, 431033136, 430878560, 430613680, 430571224, 430797700, 431008820, 430938292, 430673640, 430555180], [430555180, 430731228, 430970660, 430970660, 430731228, 430555180, 430673640, 430938292, 431008820, 430797700, 430571224, 430613680, 430878560, 431033136, 430878560, 430613680, 430571224, 430797700, 431008820, 430938292, 430673640], [430673640, 430555180, 430731228, 430970660, 430970660, 430731228, 430555180, 430673640, 430938292, 431008820, 430797700, 430571224, 430613680, 430878560, 431033136, 430878560, 430613680, 430571224, 430797700, 431008820, 430938292], [430938292, 430673640, 430555180, 430731228, 430970660, 430970660, 430731228, 430555180, 430673640, 430938292, 431008820, 430797700, 430571224, 430613680, 430878560, 431033136, 430878560, 430613680, 430571224, 430797700, 431008820], [431008820, 430938292, 430673640, 430555180, 430731228, 430970660, 430970660, 430731228, 430555180, 430673640, 430938292, 431008820, 430797700, 430571224, 430613680, 430878560, 431033136, 430878560, 430613680, 430571224, 430797700], [430797700, 431008820, 430938292, 430673640, 430555180, 430731228, 430970660, 430970660, 430731228, 430555180, 430673640, 430938292, 431008820, 430797700, 430571224, 430613680, 430878560, 431033136, 430878560, 430613680, 430571224], [430571224, 430797700, 431008820, 430938292, 430673640, 430555180, 430731228, 430970660, 430970660, 430731228, 430555180, 430673640, 430938292, 431008820, 430797700, 430571224, 430613680, 430878560, 431033136, 430878560, 430613680], [430613680, 430571224, 430797700, 431008820, 430938292, 430673640, 430555180, 430731228, 430970660, 430970660, 430731228, 430555180, 430673640, 430938292, 431008820, 430797700, 430571224, 430613680, 430878560, 431033136, 430878560], [430878560, 430613680, 430571224, 430797700, 431008820, 430938292, 430673640, 430555180, 430731228, 430970660, 430970660, 430731228, 430555180, 430673640, 430938292, 431008820, 430797700, 430571224, 430613680, 430878560, 431033136], [431033136, 430878560, 430613680, 430571224, 430797700, 431008820, 430938292, 430673640, 430555180, 430731228, 430970660, 430970660, 430731228, 430555180, 430673640, 430938292, 431008820, 430797700, 430571224, 430613680, 430878560], [430878560, 431033136, 430878560, 430613680, 430571224, 430797700, 431008820, 430938292, 430673640, 430555180, 430731228, 430970660, 430970660, 430731228, 430555180, 430673640, 430938292, 431008820, 430797700, 430571224, 430613680], [430613680, 430878560, 431033136, 430878560, 430613680, 430571224, 430797700, 431008820, 430938292, 430673640, 430555180, 430731228, 430970660, 430970660, 430731228, 430555180, 430673640, 430938292, 431008820, 430797700, 430571224], [430571224, 430613680, 430878560, 431033136, 430878560, 430613680, 430571224, 430797700, 431008820, 430938292, 430673640, 430555180, 430731228, 430970660, 430970660, 430731228, 430555180, 430673640, 430938292, 431008820, 430797700], [430797700, 430571224, 430613680, 430878560, 431033136, 430878560, 430613680, 430571224, 430797700, 431008820, 430938292, 430673640, 430555180, 430731228, 430970660, 430970660, 430731228, 430555180, 430673640, 430938292, 431008820], [431008820, 430797700, 430571224, 430613680, 430878560, 431033136, 430878560, 430613680, 430571224, 430797700, 431008820, 430938292, 430673640, 430555180, 430731228, 430970660, 430970660, 430731228, 430555180, 430673640, 430938292], [430938292, 431008820, 430797700, 430571224, 430613680, 430878560, 431033136, 430878560, 430613680, 430571224, 430797700, 431008820, 430938292, 430673640, 430555180, 430731228, 430970660, 430970660, 430731228, 430555180, 430673640], [430673640, 430938292, 431008820, 430797700, 430571224, 430613680, 430878560, 431033136, 430878560, 430613680, 430571224, 430797700, 431008820, 430938292, 430673640, 430555180, 430731228, 430970660, 430970660, 430731228, 430555180], [430555180, 430673640, 430938292, 431008820, 430797700, 430571224, 430613680, 430878560, 431033136, 430878560, 430613680, 430571224, 430797700, 431008820, 430938292, 430673640, 430555180, 430731228, 430970660, 430970660, 430731228], [430731228, 430555180, 430673640, 430938292, 431008820, 430797700, 430571224, 430613680, 430878560, 431033136, 430878560, 430613680, 430571224, 430797700, 431008820, 430938292, 430673640, 430555180, 430731228, 430970660, 430970660], [430970660, 430731228, 430555180, 430673640, 430938292, 431008820, 430797700, 430571224, 430613680, 430878560, 431033136, 430878560, 430613680, 430571224, 430797700, 431008820, 430938292, 430673640, 430555180, 430731228, 430970660]]), (0, 111, 221, [[874444288, 874444288, 884454400, 903813120, 928532480, 950021632, 958620672, 950021632, 928532480, 903813120, 884454400, 874444288, 874444288, 884454400, 903813120, 928532480, 950021632, 958620672, 950021632, 928532480, 903813120, 884454400], [884454400, 874444288, 874444288, 884454400, 903813120, 928532480, 950021632, 958620672, 950021632, 928532480, 903813120, 884454400, 874444288, 874444288, 884454400, 903813120, 928532480, 950021632, 958620672, 950021632, 928532480, 903813120], [903813120, 884454400, 874444288, 874444288, 884454400, 903813120, 928532480, 950021632, 958620672, 950021632, 928532480, 903813120, 884454400, 874444288, 874444288, 884454400, 903813120, 928532480, 950021632, 958620672, 950021632, 928532480], [928532480, 903813120, 884454400, 874444288, 874444288, 884454400, 903813120, 928532480, 950021632, 958620672, 950021632, 928532480, 903813120, 884454400, 874444288, 874444288, 884454400, 903813120, 928532480, 950021632, 958620672, 950021632], [950021632, 928532480, 903813120, 884454400, 874444288, 874444288, 884454400, 903813120, 928532480, 950021632, 958620672, 950021632, 928532480, 903813120, 884454400, 874444288, 874444288, 884454400, 903813120, 928532480, 950021632, 958620672], [958620672, 950021632, 928532480, 903813120, 884454400, 874444288, 874444288, 884454400, 903813120, 928532480, 950021632, 958620672, 950021632, 928532480, 903813120, 884454400, 874444288, 874444288, 884454400, 903813120, 928532480, 950021632], [950021632, 958620672, 950021632, 928532480, 903813120, 884454400, 874444288, 874444288, 884454400, 903813120, 928532480, 950021632, 958620672, 950021632, 928532480, 903813120, 884454400, 874444288, 874444288, 884454400, 903813120, 928532480], [928532480, 950021632, 958620672, 950021632, 928532480, 903813120, 884454400, 874444288, 874444288, 884454400, 903813120, 928532480, 950021632, 958620672, 950021632, 928532480, 903813120, 884454400, 874444288, 874444288, 884454400, 903813120], [903813120, 928532480, 950021632, 958620672, 950021632, 928532480, 903813120, 884454400, 874444288, 874444288, 884454400, 903813120, 928532480, 950021632, 958620672, 950021632, 928532480, 903813120, 884454400, 874444288, 874444288, 884454400], [884454400, 903813120, 928532480, 950021632, 958620672, 950021632, 928532480, 903813120, 884454400, 874444288, 874444288, 884454400, 903813120, 928532480, 950021632, 958620672, 950021632, 928532480, 903813120, 884454400, 874444288, 874444288], [874444288, 884454400, 903813120, 928532480, 950021632, 958620672, 950021632, 928532480, 903813120, 884454400, 874444288, 874444288, 884454400, 903813120, 928532480, 950021632, 958620672, 950021632, 928532480, 903813120, 884454400, 874444288], [874444288, 874444288, 884454400, 903813120, 928532480, 950021632, 958620672, 950021632, 928532480, 903813120, 884454400, 874444288, 874444288, 884454400, 903813120, 928532480, 950021632, 958620672, 950021632, 928532480, 903813120, 884454400], [884454400, 874444288, 874444288, 884454400, 903813120, 928532480, 950021632, 958620672, 950021632, 928532480, 903813120, 884454400, 874444288, 874444288, 884454400, 903813120, 928532480, 950021632, 958620672, 950021632, 928532480, 903813120], [903813120, 884454400, 874444288, 874444288, 884454400, 903813120, 928532480, 950021632, 958620672, 950021632, 928532480, 903813120, 884454400, 874444288, 874444288, 884454400, 903813120, 928532480, 950021632, 958620672, 950021632, 928532480], [928532480, 903813120, 884454400, 874444288, 874444288, 884454400, 903813120, 928532480, 950021632, 958620672, 950021632, 928532480, 903813120, 884454400, 874444288, 874444288, 884454400, 903813120, 928532480, 950021632, 958620672, 950021632], [950021632, 928532480, 903813120, 884454400, 874444288, 874444288, 884454400, 903813120, 928532480, 950021632, 958620672, 950021632, 928532480, 903813120, 884454400, 874444288, 874444288, 884454400, 903813120, 928532480, 950021632, 958620672], [958620672, 950021632, 928532480, 903813120, 884454400, 874444288, 874444288, 884454400, 903813120, 928532480, 950021632, 958620672, 950021632, 928532480, 903813120, 884454400, 874444288, 874444288, 884454400, 903813120, 928532480, 950021632], [950021632, 958620672, 950021632, 928532480, 903813120, 884454400, 874444288, 874444288, 884454400, 903813120, 928532480, 950021632, 958620672, 950021632, 928532480, 903813120, 884454400, 874444288, 874444288, 884454400, 903813120, 928532480], [928532480, 950021632, 958620672, 950021632, 928532480, 903813120, 884454400, 874444288, 874444288, 884454400, 903813120, 928532480, 950021632, 958620672, 950021632, 928532480, 903813120, 884454400, 874444288, 874444288, 884454400, 903813120], [903813120, 928532480, 950021632, 958620672, 950021632, 928532480, 903813120, 884454400, 874444288, 874444288, 884454400, 903813120, 928532480, 950021632, 958620672, 950021632, 928532480, 903813120, 884454400, 874444288, 874444288, 884454400], [884454400, 903813120, 928532480, 950021632, 958620672, 950021632, 928532480, 903813120, 884454400, 874444288, 874444288, 884454400, 903813120, 928532480, 950021632, 958620672, 950021632, 928532480, 903813120, 884454400, 874444288, 874444288], [874444288, 884454400, 903813120, 928532480, 950021632, 958620672, 950021632, 928532480, 903813120, 884454400, 874444288, 874444288, 884454400, 903813120, 928532480, 950021632, 958620672, 950021632, 928532480, 903813120, 884454400, 874444288]]), (0, 507, 1013, [[154979840, 154979840, 639145984, 819483136, 771152384, 1772032, 479295488, 774174208, 75538432, 219895808, 467833856, 452621824, 53934080, 452621824, 467833856, 219895808, 75538432, 774174208, 479295488, 1772032, 771152384, 819483136, 639145984], [639145984, 154979840, 154979840, 639145984, 819483136, 771152384, 1772032, 479295488, 774174208, 75538432, 219895808, 467833856, 452621824, 53934080, 452621824, 467833856, 219895808, 75538432, 774174208, 479295488, 1772032, 771152384, 819483136], [819483136, 639145984, 154979840, 154979840, 639145984, 819483136, 771152384, 1772032, 479295488, 774174208, 75538432, 219895808, 467833856, 452621824, 53934080, 452621824, 467833856, 219895808, 75538432, 774174208, 479295488, 1772032, 771152384], [771152384, 819483136, 639145984, 154979840, 154979840, 639145984, 819483136, 771152384, 1772032, 479295488, 774174208, 75538432, 219895808, 467833856, 452621824, 53934080, 452621824, 467833856, 219895808, 75538432, 774174208, 479295488, 1772032], [1772032, 771152384, 819483136, 639145984, 154979840, 154979840, 639145984, 819483136, 771152384, 1772032, 479295488, 774174208, 75538432, 219895808, 467833856, 452621824, 53934080, 452621824, 467833856, 219895808, 75538432, 774174208, 479295488], [479295488, 1772032, 771152384, 819483136, 639145984, 154979840, 154979840, 639145984, 819483136, 771152384, 1772032, 479295488, 774174208, 75538432, 219895808, 467833856, 452621824, 53934080, 452621824, 467833856, 219895808, 75538432, 774174208], [774174208, 479295488, 1772032, 771152384, 819483136, 639145984, 154979840, 154979840, 639145984, 819483136, 771152384, 1772032, 479295488, 774174208, 75538432, 219895808, 467833856, 452621824, 53934080, 452621824, 467833856, 219895808, 75538432], [75538432, 774174208, 479295488, 1772032, 771152384, 819483136, 639145984, 154979840, 154979840, 639145984, 819483136, 771152384, 1772032, 479295488, 774174208, 75538432, 219895808, 467833856, 452621824, 53934080, 452621824, 467833856, 219895808], [219895808, 75538432, 774174208, 479295488, 1772032, 771152384, 819483136, 639145984, 154979840, 154979840, 639145984, 819483136, 771152384, 1772032, 479295488, 774174208, 75538432, 219895808, 467833856, 452621824, 53934080, 452621824, 467833856], [467833856, 219895808, 75538432, 774174208, 479295488, 1772032, 771152384, 819483136, 639145984, 154979840, 154979840, 639145984, 819483136, 771152384, 1772032, 479295488, 774174208, 75538432, 219895808, 467833856, 452621824, 53934080, 452621824], [452621824, 467833856, 219895808, 75538432, 774174208, 479295488, 1772032, 771152384, 819483136, 639145984, 154979840, 154979840, 639145984, 819483136, 771152384, 1772032, 479295488, 774174208, 75538432, 219895808, 467833856, 452621824, 53934080], [53934080, 452621824, 467833856, 219895808, 75538432, 774174208, 479295488, 1772032, 771152384, 819483136, 639145984, 154979840, 154979840, 639145984, 819483136, 771152384, 1772032, 479295488, 774174208, 75538432, 219895808, 467833856, 452621824], [452621824, 53934080, 452621824, 467833856, 219895808, 75538432, 774174208, 479295488, 1772032, 771152384, 819483136, 639145984, 154979840, 154979840, 639145984, 819483136, 771152384, 1772032, 479295488, 774174208, 75538432, 219895808, 467833856], [467833856, 452621824, 53934080, 452621824, 467833856, 219895808, 75538432, 774174208, 479295488, 1772032, 771152384, 819483136, 639145984, 154979840, 154979840, 639145984, 819483136, 771152384, 1772032, 479295488, 774174208, 75538432, 219895808], [219895808, 467833856, 452621824, 53934080, 452621824, 467833856, 219895808, 75538432, 774174208, 479295488, 1772032, 771152384, 819483136, 639145984, 154979840, 154979840, 639145984, 819483136, 771152384, 1772032, 479295488, 774174208, 75538432], [75538432, 219895808, 467833856, 452621824, 53934080, 452621824, 467833856, 219895808, 75538432, 774174208, 479295488, 1772032, 771152384, 819483136, 639145984, 154979840, 154979840, 639145984, 819483136, 771152384, 1772032, 479295488, 774174208], [774174208, 75538432, 219895808, 467833856, 452621824, 53934080, 452621824, 467833856, 219895808, 75538432, 774174208, 479295488, 1772032, 771152384, 819483136, 639145984, 154979840, 154979840, 639145984, 819483136, 771152384, 1772032, 479295488], [479295488, 774174208, 75538432, 219895808, 467833856, 452621824, 53934080, 452621824, 467833856, 219895808, 75538432, 774174208, 479295488, 1772032, 771152384, 819483136, 639145984, 154979840, 154979840, 639145984, 819483136, 771152384, 1772032], [1772032, 479295488, 774174208, 75538432, 219895808, 467833856, 452621824, 53934080, 452621824, 467833856, 219895808, 75538432, 774174208, 479295488, 1772032, 771152384, 819483136, 639145984, 154979840, 154979840, 63